0.03992596  -0.30990997   0.80530804  -0.55373204  -0.01376404   0.00157596
0.08134396  -0.32371598   0.80837607  -0.53992605  -0.07819204   0.00157596
0.13196597  -0.34058997   0.80530804  -0.53072202  -0.09966804   0.00157596
0.15957797  -0.35132796   0.79763806  -0.49850804  -0.14415404   0.00004196
0.18105397  -0.35439599   0.79150206  -0.48930407  -0.16869804   0.00004196
0.20099597  -0.35439599   0.76542407  -0.46169204  -0.19324204   0.00004196
0.22860797  -0.35592997   0.76082206  -0.45248806  -0.19477604  -0.00149204
0.24241397  -0.35592997   0.76082206  -0.44328403  -0.19477604  -0.00149204
0.25008398  -0.35439599   0.76235604  -0.42641005  -0.19937804  -0.00149204
0.25775397  -0.34979397   0.76235604  -0.41413805  -0.20858204   0.00004196
0.26235598  -0.34519196   0.76542407  -0.40340006  -0.21318404   0.00157596
0.26388997  -0.34212399   0.76695806  -0.39419603  -0.21778604   0.00310996
0.26695797  -0.33598799   0.76849204  -0.39266205  -0.21932004   0.00310996
0.26542395  -0.33291996   0.76849204  -0.39112806  -0.21932004   0.00310996
0.26695797  -0.33138597   0.77002609  -0.39112806  -0.21932004   0.00310996
0.26695797  -0.33138597   0.76849204  -0.39112806  -0.21932004   0.00310996
0.26542395  -0.33445397   0.76849204  -0.38959405  -0.21625204   0.00464396
0.25315195  -0.33752197   0.76849204  -0.38959405  -0.21165004   0.00924596
0.24394797  -0.34825999   0.76849204  -0.38959405  -0.21011604   0.00924596
0.23934597  -0.35746396   0.77002609  -0.38806003  -0.20858204   0.01077996
0.21786997  -0.36973596   0.77002609  -0.38806003  -0.20551404   0.01691596
0.19639397  -0.38967797   0.76849204  -0.38806003  -0.19477604   0.01844996
0.15650997  -0.40808597   0.76695806  -0.38806003  -0.16563004   0.01691596
0.12429596  -0.44336796   0.76849204  -0.38652605  -0.13801804   0.01384796
0.09361596  -0.46944597   0.78076404  -0.37732205  -0.10580404   0.00924596
0.06907196  -0.49245596   0.78843403  -0.36811805  -0.05671604   0.00157596
0.02305196  -0.51699996   0.79303604  -0.35584605  -0.02296804   0.00157596
-0.00916204  -0.52773798   0.78383207  -0.32976806   0.03072196   0.00157596
-0.06131804  -0.52927196   0.76389003  -0.30829203   0.06600396   0.00004196
-0.09046404  -0.52467000   0.72554004  -0.28528205   0.09668396  -0.00149204
-0.11194004  -0.51699996   0.70406407  -0.25153404   0.12889796  -0.00149204
-0.13188204  -0.49859196   0.69792807  -0.24386404   0.13810197  -0.00149204
-0.14262004  -0.51393199   0.73781204  -0.25767004   0.14883997  -0.00149204
-0.15335804  -0.52927196   0.79763806  -0.32516605   0.16724797  -0.00149204
-0.16409604  -0.53540796   0.88507605  -0.38039005   0.17951997   0.00157596
-0.17023204  -0.51853395   0.92496008  -0.46476007   0.18412197   0.00464396
-0.17636804  -0.48325199   0.94490206  -0.51231408   0.18565597   0.00924596
-0.17790204  -0.41575599   0.94643605  -0.55219805   0.18565597   0.00924596
-0.17790204  -0.36513397   0.92189205  -0.59975207   0.18872397   0.01077996
-0.17790204  -0.27922997   0.87280405  -0.61049008   0.19025797   0.01077996
-0.17790204  -0.22707397   0.78076404  -0.59821808   0.18718997   0.01231396
-0.17176604  -0.18872397   0.72093809  -0.57981002   0.18105397   0.01384796
-0.16716404  -0.17491797   0.68565607  -0.56753802   0.17645197   0.01231396
-0.16102804  -0.18105397   0.66878206  -0.56907207   0.16264597   0.00004196
-0.14875604  -0.19792797   0.67952007  -0.57827604   0.15650997  -0.00302604
-0.13801804  -0.21173397   0.69946206  -0.58441204   0.14883997  -0.00456004
-0.11500804  -0.22553997   0.71633607  -0.58441204   0.13503397  -0.00456004
-0.09506604  -0.23934597   0.75161803  -0.57981002   0.11815996  -0.00302604
-0.05671604  -0.25468597   0.77309406  -0.57214004   0.08134396  -0.00149204
-0.02450204  -0.26388997   0.79917204  -0.55833405   0.05219796   0.00004196
0.03685796  -0.27769595   0.81297803  -0.54606205  -0.00149204   0.00464396
0.07520796  -0.29763797   0.82064807  -0.52305204  -0.04751204   0.00771196
0.12582996  -0.30990997   0.82064807  -0.50771207  -0.10273604   0.00771196
0.15190797  -0.32985198   0.81758004  -0.49390605  -0.13188204   0.00771196
0.17491797  -0.34365797   0.81604606  -0.47703207  -0.15642604   0.00771196
0.20713197  -0.35439599   0.80837607  -0.46322605  -0.18403804   0.00464396
0.22707397  -0.36206597   0.79303604  -0.45555604  -0.19170804   0.00004196
0.24241397  -0.36513397   0.79150206  -0.44635206  -0.19324204  -0.00456004
0.25315195  -0.36359996   0.78843403  -0.43254605  -0.19784404  -0.00609404
0.25928795  -0.36206597   0.78690004  -0.41567206  -0.20398004  -0.00456004
0.26388997  -0.35592997   0.78843403  -0.40493405  -0.21011604  -0.00149204
0.26542395  -0.34979397   0.79150206  -0.39573005  -0.21318404   0.00004196
0.26542395  -0.34212399   0.79457009  -0.39419603  -0.21625204   0.00004196
0.26695797  -0.33138597   0.79457009  -0.39419603  -0.21625204  -0.00149204
0.26695797  -0.32524997   0.79457009  -0.39112806  -0.21625204  -0.00149204
0.26695797  -0.32371598   0.79610407  -0.38959405  -0.21625204   0.00004196
0.26235598  -0.32831797   0.79610407  -0.38652605  -0.21165004   0.00617796
0.25468597  -0.33291996   0.79457009  -0.38499206  -0.20704804   0.00924596
0.23781197  -0.34519196   0.79610407  -0.38499206  -0.20551404   0.01231396
0.23167597  -0.35746396   0.79610407  -0.38345805  -0.20398004   0.01538196
0.21480197  -0.37126997   0.79610407  -0.37885606  -0.19784404   0.01691596
0.19639397  -0.39427996   0.79610407  -0.37732205  -0.18557204   0.01691596
0.16417997  -0.41115397   0.79610407  -0.37732205  -0.16102804   0.01691596
0.13656797  -0.44183397   0.79610407  -0.37732205  -0.13801804   0.01691596
0.10128596  -0.46330997   0.79610407  -0.37425405  -0.11040604   0.01538196
0.03378996  -0.49092197   0.79457009  -0.36351603  -0.04904604   0.01077996
-0.00149204  -0.51699996   0.78076404  -0.34204006  -0.00609404   0.00771196
-0.04444404  -0.52467000   0.76542407  -0.32670003   0.04452796  -0.00302604
-0.07052204  -0.53080595   0.73934603  -0.30675805   0.07674196  -0.00456004
-0.09199804  -0.52927196   0.71787006  -0.27914605   0.11355796  -0.00456004
-0.11807604  -0.52467000   0.70099604  -0.26227206   0.13196597  -0.00456004
-0.13188204  -0.52160197   0.70406407  -0.25306803   0.14423797  -0.00609404
-0.14875604  -0.52006799   0.75008404  -0.28681606   0.15957797  -0.00609404
-0.15796004  -0.53694201   0.83905607  -0.33897203   0.16878197  -0.00302604
-0.16869804  -0.52773798   0.89428008  -0.42487603   0.18258797  -0.00149204
-0.17330004  -0.49705797   0.94030005  -0.50157607   0.18565597  -0.00149204
-0.17636804  -0.45563996   0.94797003  -0.54452807   0.18872397   0.00004196
-0.17790204  -0.38200796   0.93263006  -0.58134407   0.18872397   0.00004196
-0.17790204  -0.32831797   0.89121205  -0.60895604   0.19025797   0.00004196
-0.17790204  -0.27155995   0.83138609  -0.60895604   0.18872397   0.00004196
-0.17636804  -0.20099597   0.73781204  -0.58594608   0.18565597   0.00157596
-0.16716404  -0.17184997   0.69486004  -0.56907207   0.17798597   0.00310996
-0.16102804  -0.17338397   0.67645204  -0.56293607   0.17184997   0.00157596
-0.15335804  -0.18412197   0.68105406  -0.56447005   0.16111197   0.00004196
-0.13801804  -0.20099597   0.69639409  -0.56753802   0.15037397  -0.00149204
-0.12728004  -0.21326797   0.72400606  -0.57060605   0.13503397   0.00004196
-0.10120204  -0.23167597   0.75161803  -0.57214004   0.12276196   0.00004196
-0.07819204  -0.24394797   0.76695806  -0.57060605   0.08901396   0.00004196
-0.03524004  -0.25775397   0.78229809  -0.56753802   0.05833396   0.00004196
0.00004196  -0.28689998   0.80377406  -0.55986804   0.02305196   0.00157596
0.04299396  -0.30377397   0.80991006  -0.54299402  -0.03830804   0.00004196
0.09975196  -0.32831797   0.81144404  -0.53225607  -0.07819204   0.00004196
0.12889796  -0.34365797   0.80991006  -0.51231408  -0.12574604   0.00004196
0.17031597  -0.35746396   0.80684209  -0.49544007  -0.15335804   0.00004196
0.19025797  -0.35746396   0.77616203  -0.46936205  -0.17636804   0.00004196
0.21786997  -0.35899797   0.76235604  -0.45709005  -0.19170804  -0.00149204
0.23627797  -0.36206597   0.76235604  -0.44942003  -0.19170804  -0.00302604
0.24548197  -0.36053199   0.76389003  -0.43561405  -0.19477604  -0.00302604
0.25315195  -0.35899797   0.76235604  -0.42487603  -0.20091204  -0.00302604
0.25775397  -0.35439599   0.76389003  -0.41260403  -0.20704804  -0.00302604
0.26082197  -0.35286197   0.76695806  -0.40033203  -0.21471804  -0.00149204
0.26388997  -0.34825999   0.76849204  -0.39573005  -0.21778604   0.00157596
0.26542395  -0.34365797   0.77002609  -0.39266205  -0.21625204   0.00157596
0.26542395  -0.34212399   0.77002609  -0.39266205  -0.21778604   0.00157596
0.26542395  -0.34058997   0.77156007  -0.39112806  -0.21625204   0.00157596
0.26542395  -0.34365797   0.77156007  -0.39112806  -0.21625204   0.00157596
0.26082197  -0.34519196   0.77002609  -0.38959405  -0.21318404   0.00617796
0.25161797  -0.35439599   0.77002609  -0.39112806  -0.20858204   0.00617796
0.24087997  -0.36513397   0.77002609  -0.38959405  -0.20704804   0.00464396
0.22707397  -0.38660997   0.76849204  -0.38806003  -0.20551404   0.00924596
0.20866597  -0.40808597   0.76849204  -0.38499206  -0.20091204   0.01077996
0.19025797  -0.41422197   0.76849204  -0.38499206  -0.18250404   0.01691596
0.17031597  -0.43569797   0.76849204  -0.38499206  -0.16256204   0.01691596
0.14423797  -0.45563996   0.78076404  -0.38192403  -0.12728004   0.01538196
0.09668396  -0.48631996   0.78996807  -0.37272006  -0.09506604   0.01538196
0.05986796  -0.50165999   0.79610407  -0.36198205  -0.05978404   0.01231396
0.00004196  -0.52006799   0.79457009  -0.33743805  -0.00149204   0.01077996
-0.03677404  -0.52313596   0.77616203  -0.30675805   0.03685796   0.00924596
-0.08279404  -0.52160197   0.75775409  -0.28528205   0.08594596   0.00924596
-0.10580404  -0.51393199   0.73781204  -0.26687405   0.11048996   0.00924596
-0.12267804  -0.50932997   0.71173406  -0.24386404   0.13043196   0.00617796
-0.13341604  -0.49859196   0.70866609  -0.24693204   0.14883997  -0.00149204
-0.14568804  -0.51546597   0.76082206  -0.27607805   0.15804397  -0.00456004
-0.15796004  -0.52773798   0.82218206  -0.35584605   0.17184997  -0.00302604
-0.16563004  -0.52620399   0.90195006  -0.41413805   0.18105397   0.00464396
-0.17023204  -0.50012600   0.93416405  -0.48930407   0.18565597   0.00924596
-0.17636804  -0.46024197   0.94490206  -0.53685808   0.18872397   0.00771196
-0.17636804  -0.38814396   0.93876606  -0.57367408   0.18872397   0.00771196
-0.17636804  -0.33445397   0.90195006  -0.60895604   0.19025797   0.00771196
-0.17636804  -0.25315195   0.84672606  -0.61355805   0.18872397   0.00924596
-0.17636804  -0.20406397   0.75315207  -0.60435402   0.18718997   0.00924596
-0.17023204  -0.17031597   0.70099604  -0.57520807   0.18105397   0.00924596
-0.16256204  -0.16878197   0.67645204  -0.56600404   0.17338397   0.00617796
-0.15489204  -0.17031597   0.67798603  -0.56600404   0.16724797  -0.00149204
-0.14722204  -0.18105397   0.69332606  -0.56907207   0.15957797  -0.00302604
-0.13034804  -0.19946197   0.71940404  -0.57214004   0.14883997  -0.00149204
-0.11500804  -0.21173397   0.73627806  -0.57367408   0.13656797  -0.00149204
-0.08432804  -0.22400597   0.75161803  -0.57520807   0.10895596  -0.00149204
-0.05825004  -0.24701597   0.77769607  -0.57367408   0.08287796  -0.00149204
-0.02757004  -0.26695797   0.79303604  -0.56907207   0.05219796  -0.00149204
0.03072196  -0.28689998   0.80377406  -0.55833405  -0.00609404  -0.00149204
0.07060596  -0.31144398   0.81144404  -0.54606205  -0.04751204  -0.00149204
0.11969396  -0.32831797   0.80991006  -0.52918804  -0.10273604  -0.00149204
0.14883997  -0.34979397   0.80684209  -0.51231408  -0.13188204  -0.00302604
0.17491797  -0.35439599   0.79303604  -0.48623604  -0.15642604  -0.00302604
0.20406397  -0.35592997   0.77616203  -0.46936205  -0.18710604  -0.00456004
0.22093797  -0.35746396   0.76849204  -0.45402205  -0.19170804  -0.00456004
0.24394797  -0.35746396   0.76849204  -0.44328403  -0.19324204  -0.00609404
0.25008398  -0.35592997   0.77002609  -0.43101203  -0.19784404  -0.00609404
0.25468597  -0.35439599   0.77002609  -0.41260403  -0.20551404  -0.00456004
0.26082197  -0.34979397   0.77156007  -0.40493405  -0.21165004  -0.00149204
0.26388997  -0.34519196   0.77462804  -0.39573005  -0.21625204   0.00004196
0.26695797  -0.33905596   0.77616203  -0.39419603  -0.21778604  -0.00149204
0.26695797  -0.33445397   0.77616203  -0.39419603  -0.21778604  -0.00149204
0.26849198  -0.33291996   0.77616203  -0.39112806  -0.21625204  -0.00149204
0.26695797  -0.33291996   0.77616203  -0.39112806  -0.21625204  -0.00149204
0.26388997  -0.33598799   0.77616203  -0.39112806  -0.21471804   0.00157596
0.25008398  -0.34058997   0.77462804  -0.39112806  -0.20858204   0.00464396
0.23781197  -0.35286197   0.77462804  -0.38959405  -0.20704804   0.00310996
0.22247197  -0.36359996   0.77462804  -0.38652605  -0.20398004   0.00617796
0.21173397  -0.38354197   0.77462804  -0.38345805  -0.19937804   0.01538196
0.19639397  -0.39888197   0.77616203  -0.37885606  -0.17943604   0.01844996
0.16417997  -0.42035797   0.77616203  -0.37885606  -0.16102804   0.01691596
0.13810197  -0.44336796   0.78843403  -0.37885606  -0.13648404   0.01691596
0.08747996  -0.46791196   0.79610407  -0.37272006  -0.09046404   0.01538196
0.04912996  -0.50319397   0.79763806  -0.36044806  -0.05211404   0.01384796
-0.00916204  -0.52006799   0.78996807  -0.34204006   0.00924596   0.00771196
-0.04444404  -0.52467000   0.76542407  -0.31136006   0.04452796   0.00464396
-0.08739604  -0.52467000   0.74548209  -0.29141805   0.09054796   0.00157596
-0.10887204  -0.51853395   0.71633607  -0.27301005   0.11509196   0.00004196
-0.12114404  -0.51546597   0.70253003  -0.24693204   0.13963597  -0.00149204
-0.13801804  -0.50932997   0.70253003  -0.25306803   0.14883997  -0.00456004
-0.14722204  -0.52313596   0.77309406  -0.30982605   0.16417997  -0.00609404
-0.16102804  -0.53540796   0.83598804  -0.36505005   0.17645197  -0.00302604
-0.16869804  -0.52620399   0.90962005  -0.42487603   0.18412197  -0.00149204
-0.17330004  -0.49552399   0.93723208  -0.50004208   0.18872397   0.00004196
-0.17790204  -0.42956197   0.94490206  -0.54299402   0.19025797   0.00004196
-0.17790204  -0.37893999   0.93263006  -0.57981002   0.19179197   0.00004196
-0.17790204  -0.32678396   0.88814408  -0.60895604   0.19332597   0.00004196
-0.17790204  -0.24394797   0.79763806  -0.61049008   0.19332597   0.00004196
-0.17790204  -0.19639397   0.73321009  -0.58748007   0.18718997   0.00157596
-0.17176604  -0.15650997   0.67645204  -0.56907207   0.18258797   0.00157596
-0.16869804  -0.15804397   0.66878206  -0.55986804   0.17951997   0.00004196
-0.15796004  -0.17338397   0.66878206  -0.55986804   0.17184997  -0.00149204
-0.15029004  -0.18412197   0.68258804  -0.56447005   0.16571397  -0.00149204
-0.13495004  -0.19946197   0.69792807  -0.56753802   0.15497597  -0.00149204
-0.12114404  -0.21173397   0.72400606  -0.56907207   0.13963597  -0.00149204
-0.10120204  -0.22707397   0.75008404  -0.57214004   0.11202396   0.00004196
-0.06285204  -0.24548197   0.76695806  -0.57214004   0.08594596   0.00004196
-0.03217204  -0.26082197   0.79303604  -0.56753802   0.04145996   0.00004196
0.01844996  -0.28383195   0.80530804  -0.55986804   0.00617796   0.00004196
